0 8
1 8
1 8
0 8
0 8
0 8
0 8
0 8
0 8
0 8
0 8
0 8
0 8
0 8
0 8
0 8
0 8
0 8
0 8
0 8
0 8
0 8
0 8
0 8
0 8
0 8
0 8
0 8
0 8
0 8
0 8
0 8
0 8
0 8
0 8
0 8
0 8
0 8
0 8
0 8
0 56
0 56
1 90
2 56
3 54
4 52
0 8
0 8
0 8
0 8
0 8
0 8
0 8
1 7440
1 1024
1 1024
0 1119
0 8
0 8
0 8
0 313
0 302
0 2497
0 2497
0 2497
0 2068
0 2205
0 2068
0 2497
0 1893
0 2009
0 2216
0 2009
0 6236
0 8511
0 5802
0 4472
1 5802
2 5482
3 5475
1 5802
2 5482
3 5475
1 5802
2 5482
1 3162
0 3162
0 146
0 131
0 131
0 131
0 139
0 142
0 139
0 131
0 1550
0 1755
1 1755
2 1715
3 1700
1 1755
2 1715
0 45
1 49
2 45
3 43
4 39
0 18
1 24
0 24
0 202
0 115
0 42
0 30
0 42
0 89
0 76
0 89
1 89
2 88
3 74
0 167
0 173
0 134
0 107
0 2376
0 1874
0 2553
0 2172
0 2173
0 2359
0 2669
0 2172
0 139
0 139
0 2497
0 2068
0 2068
